-- // converted using mech's animoduler
local cfr = CFrame.new

return {{tm=0;["Left Leg"]={cf=cfr(-.202,.61,-.181,.821,-.012,.571,-.285,.858,.427,-.495,-.514,.701);es="Linear";ed="In";};["Right Leg"]={cf=cfr(.034,.273,.041,.645,-.201,-.737,.317,.948,.018,.695,-.245,.676);es="Linear";ed="In";};["Left Arm"]={cf=cfr(.239,.329,.159,.192,.376,-.907,-.401,.873,.277,.896,.31,.318);es="Linear";ed="In";};["Right Arm"]={cf=cfr(1.069,.273,-.404,.907,-.37,.202,.285,.183,-.941,.311,.911,.272);es="Linear";ed="In";};["Head"]={cf=cfr(0,0,0,.516,.849,-.117,-.854,.501,-.139,-.06,.172,.983);es="Linear";ed="In";};["Torso"]={cf=cfr(.122,-.219,-.536,.466,-.788,.402,.872,.487,-.057,-.151,.377,.914);es="Linear";ed="In";};["Handle"]={cf=cfr(0,0,0,1,0,0,0,1,0,0,0,1);es="Linear";ed="In";};};{tm=.067;["Right Arm"]={cf=cfr(.835,.176,-.585,.695,-.317,.645,.639,.684,-.351,-.33,.656,.678);es="Linear";ed="In";};};{tm=.133;["Right Arm"]={cf=cfr(.709,-.09,-.615,.283,-.49,.824,.559,.783,.274,-.78,.383,.496);es="Linear";ed="In";};};{tm=.167;["Left Leg"]={cf=cfr(-.215,.486,-.147,.831,.098,.548,-.224,.96,.168,-.509,-.262,.82);es="Linear";ed="In";};["Right Leg"]={cf=cfr(-.121,.488,.089,.644,-.048,-.764,.344,.909,.233,.683,-.413,.602);es="Linear";ed="In";};["Left Arm"]={cf=cfr(-.547,-.036,-.439,.455,.875,-.165,-.835,.355,-.42,-.309,.329,.892);es="Linear";ed="In";};["Right Arm"]={cf=cfr(.758,-.242,-.586,-.034,-.672,.74,.408,.666,.624,-.912,.323,.251);es="Linear";ed="In";};["Head"]={cf=cfr(0,0,0,.304,.952,.035,-.951,.306,-.049,-.057,-.018,.998);es="Linear";ed="In";};["Torso"]={cf=cfr(.122,-.219,-.536,.315,-.896,.312,.947,.275,-.168,.064,.349,.935);es="Linear";ed="In";};["Handle"]={cf=cfr(0,.291,0,1,0,0,0,1,0,0,0,1);es="Linear";ed="In";};};{tm=.2;["Right Arm"]={cf=cfr(.675,-.477,-.817,-.739,-.529,.417,.149,.475,.867,-.657,.703,-.272);es="Linear";ed="In";};};{tm=.25;["Left Leg"]={cf=cfr(-1.061,1.177,-.376,.931,-.364,-.023,.349,.872,.344,-.105,-.329,.939);es="Linear";ed="In";};["Right Leg"]={cf=cfr(.405,.181,.175,.982,.092,-.164,-.123,.974,-.191,.143,.208,.968);es="Linear";ed="In";};["Left Arm"]={cf=cfr(-.146,.314,-.243,-.391,.295,.872,-.623,.612,-.486,-.677,-.734,-.056);es="Linear";ed="In";};["Right Arm"]={cf=cfr(.924,-.675,-1.513,-.995,.069,-.067,-.04,.336,.941,.087,.939,-.332);es="Linear";ed="In";};["Head"]={cf=cfr(0,0,0,.993,.106,.056,-.109,.993,.049,-.05,-.055,.997);es="Linear";ed="In";};["Torso"]={cf=cfr(.17,-.227,-.479,.96,-.067,.272,.117,.978,-.173,-.255,.198,.947);es="Linear";ed="In";};["Handle"]={cf=cfr(0,.436,0,1,0,0,0,1,0,0,0,1);es="Linear";ed="In";};};{tm=.333;["Left Leg"]={cf=cfr(0,.312,-.2,.929,.063,.364,-.251,.832,.495,-.272,-.551,.789);es="Linear";ed="In";};["Right Leg"]={cf=cfr(-.015,-.052,0,.918,.282,-.277,-.27,.959,.082,.289,0,.957);es="Linear";ed="In";};["Head"]={cf=cfr(0,0,0,.687,-.726,-.03,.724,.688,-.041,.051,.007,.999);es="Linear";ed="In";};["Left Arm"]={cf=cfr(0,0,0,.82,.503,.273,-.523,.465,.714,.232,-.729,.644);es="Linear";ed="In";};["Right Arm"]={cf=cfr(.272,-.207,.512,.881,-.472,0,-.01,-.02,1,-.472,-.881,-.022);es="Linear";ed="In";};["Torso"]={cf=cfr(.101,-.102,-.178,.606,.726,.324,-.747,.66,-.081,-.273,-.192,.943);es="Linear";ed="In";};};{tm=.417;["Left Leg"]={cf=cfr(0,.312,-.2,.879,-.075,.471,-.166,.878,.449,-.448,-.473,.759);es="Linear";ed="In";};["Right Leg"]={cf=cfr(.035,.136,-.026,.939,.251,-.233,-.199,.953,.227,.279,-.167,.945);es="Linear";ed="In";};["Left Arm"]={cf=cfr(0,0,0,.683,.647,.339,-.656,.34,.674,.321,-.683,.656);es="Linear";ed="In";};["Right Arm"]={cf=cfr(.272,-.207,.512,.524,.708,-.474,.186,.448,.875,.831,-.546,.103);es="Linear";ed="In";};["Head"]={cf=cfr(0,0,0,.687,-.726,-.03,.724,.688,-.041,.051,.007,.999);es="Linear";ed="In";};["Torso"]={cf=cfr(.08,-.102,-.252,.494,.824,.278,-.858,.514,.001,-.142,-.239,.961);es="Linear";ed="In";};["Handle"]={cf=cfr(0,.436,0,1,0,0,0,1,0,0,0,1);es="Linear";ed="In";};};}
